# Beat times in seconds (vocal segments only, before gap-filling)
0.160000
0.900000
1.680000
2.400000
3.180000
3.920000
4.720000
5.420000
6.160000
6.900000
7.680000
8.420000
9.180000
9.920000
10.700000
11.420000
12.200000
12.980000
13.680000
14.440000
15.180000
15.940000
16.660000
17.400000
18.140000
18.900000
19.640000
20.420000
21.200000
21.960000
22.680000
23.400000
24.200000
24.920000
25.720000
26.460000
27.380000
28.260000
29.180000
30.160000
31.140000
32.080000
33.000000
33.960000
34.900000
35.800000
36.800000
37.740000
38.720000
39.680000
40.640000
41.600000
42.480000
43.420000
44.260000
45.140000
46.000000
46.920000
47.800000
48.640000
49.520000
50.440000
51.320000
52.240000
53.140000
54.000000
54.880000
55.720000
56.480000
57.220000
57.960000
58.740000
59.480000
60.240000
61.020000
61.780000
62.560000
63.320000
64.060000
64.840000
65.660000
66.500000
67.360000
68.180000
68.980000
69.840000
70.620000
71.440000
72.220000
72.980000
73.780000
74.500000
75.220000
75.940000
76.680000
77.460000
78.180000
78.900000
79.660000
80.480000
81.220000
82.020000
82.820000
83.540000
84.220000
84.980000
85.680000
86.440000
87.180000
87.940000
88.660000
89.400000
90.140000
90.900000
91.640000
92.440000
93.200000
93.960000
94.680000
95.400000
96.180000
96.920000
97.700000
98.440000
99.160000
99.880000
100.660000
101.400000
102.160000
102.960000
103.700000
104.440000
105.200000
105.960000
106.660000
107.420000
108.160000
108.940000
109.660000
110.420000
111.180000
111.960000
112.700000
113.460000
114.200000
114.960000
115.660000
116.400000
117.180000
117.880000
118.640000
119.440000
120.180000
120.920000
121.720000
122.460000
123.160000
123.900000
124.660000
125.400000
126.160000
126.920000
127.700000
128.400000
129.180000
129.880000
130.660000
131.400000
132.180000
132.920000
133.660000
134.440000
135.220000
135.960000
136.680000
137.440000
138.200000
138.900000
139.660000
140.380000
141.180000
141.900000
142.680000
143.420000
144.180000
144.940000
145.660000
146.400000
147.160000
147.900000
148.640000
149.400000
150.140000
150.940000
151.660000
152.420000
153.160000
153.920000
154.700000
155.420000
156.200000
156.980000
157.680000
158.440000
159.180000
159.940000
160.660000
161.400000
162.140000
162.900000
163.640000
164.420000
165.200000
165.960000
166.700000
167.400000
168.200000
168.920000
169.720000
170.460000
171.380000
172.260000
173.180000
174.160000
175.140000
176.100000
177.000000
177.960000
178.900000
179.820000
180.780000
192.184000
193.124000
194.024000
194.984000
195.904000
196.864000
197.784000
198.724000
199.644000
200.604000
201.524000
202.464000
203.404000
204.364000
205.284000
206.244000
207.184000
208.084000
209.024000
209.984000
210.904000
211.864000
212.804000
213.744000
214.684000
215.604000
216.524000
217.484000
218.444000
219.384000
220.284000
221.224000
222.184000
223.144000
224.084000
225.004000
225.944000
226.904000
227.824000
228.784000
