# Downbeat times in seconds (phase=0, stride=4)
0.160000
3.180000
6.160000
9.180000
12.200000
15.180000
18.140000
21.200000
24.200000
27.380000
31.140000
34.900000
38.720000
42.480000
46.000000
49.520000
53.140000
56.480000
59.480000
62.560000
65.660000
68.980000
72.220000
75.220000
78.180000
81.220000
84.220000
87.180000
90.140000
93.200000
96.180000
99.160000
102.160000
105.200000
108.160000
111.180000
114.200000
117.180000
120.180000
123.160000
126.160000
129.180000
132.180000
135.220000
138.200000
141.180000
144.180000
147.160000
150.140000
153.160000
156.200000
159.180000
162.140000
165.200000
168.200000
171.380000
175.140000
178.900000
182.670000
186.450000
190.230000
194.024000
197.784000
201.524000
205.284000
209.024000
212.804000
216.524000
220.284000
224.084000
227.824000
231.634000
235.434000
239.234000
243.034000
246.834000
250.634000
254.434000
